1 2 0
1 -1 0
-2 2 0
-2 -1 0
8 0
11 18 22 0
11 18 -11 0
11 18 -18 0
11 -11 22 0
11 -11 -11 0
11 -11 -18 0
11 -22 22 0
11 -22 -11 0
11 -22 -18 0
-18 18 22 0
-18 18 -11 0
-18 18 -18 0
-18 -11 22 0
-18 -11 -11 0
-18 -11 -18 0
-18 -22 22 0
-18 -22 -11 0
-18 -22 -18 0
-22 18 22 0
-22 18 -11 0
-22 18 -18 0
-22 -11 22 0
-22 -11 -11 0
-22 -11 -18 0
-22 -22 22 0
-22 -22 -11 0
-22 -22 -18 0
14 19 25 0
14 19 -14 0
14 19 -19 0
14 -14 25 0
14 -14 -14 0
14 -14 -19 0
14 -25 25 0
14 -25 -14 0
14 -25 -19 0
-19 19 25 0
-19 19 -14 0
-19 19 -19 0
-19 -14 25 0
-19 -14 -14 0
-19 -14 -19 0
-19 -25 25 0
-19 -25 -14 0
-19 -25 -19 0
-25 19 25 0
-25 19 -14 0
-25 19 -19 0
-25 -14 25 0
-25 -14 -14 0
-25 -14 -19 0
-25 -25 25 0
-25 -25 -14 0
-25 -25 -19 0
